===== PISTAS =====
LINEAS: 82, 83, 84, 85, 113, 114, 115, 116, 117, 126, 127, 128, 167, 277, 278, 279, 360, 382, 389, 392, 409, 418, 457, 458, 468, 478, 479, 549, 553, 562, 690, 691, 693, 697, 703, 735, 1140, 1141, 1142, 1143, 1144, 1184, 1198, 1199, 1205, 1318, 1319, 1324, 1325, 1474, 1924, 2246, 2256, 2263, 2278, 2279, 2296, 2299, 2333, 2334, 2365, 2403, 2405, 2448, 2458, 2465, 2480, 2481, 2498, 2501, 2535, 2536, 2567, 2605, 2607, 2650, 2660, 2667, 2682, 2683, 2700, 2703, 2737, 2738, 2769, 2807, 2809, 2852, 2862, 2869, 2883, 2884, 2898, 2901, 2936, 2967, 3060, 3067, 3081, 3082, 3096, 3099, 3134, 3165, 3258, 3265, 3279, 3280, 3294, 3297, 3332, 3363, 3456, 3463, 3477, 3478, 3492, 3495, 3530, 3561, 3654, 3661, 3675, 3676, 3690, 3693, 3728, 3759, 4257, 4277, 4278, 4317, 4322, 4323, 4341, 4353, 4366, 4396, 4398, 4401, 4402, 4405, 4500, 4517, 4518, 4536, 4537, 4538, 4547, 4561, 4601, 4622, 4645, 4649, 4652, 4745, 4747, 4748, 4754, 4778, 4784, 4871, 4904, 4940, 4941, 4942, 5055, 5059, 5081, 5082, 5089, 5096, 5340, 5344, 5345, 5347, 5352, 5353, 5354, 5425, 5448, 6722, 6736, 6737, 6992, 6994, 7519, 7924

===== FECHAS =====
LINEAS: 160, 331, 332, 333, 334, 339, 363, 371, 372, 373, 376, 377, 380, 405, 423, 424, 434, 435, 436, 437, 438, 439, 450, 451, 454, 475, 525, 526, 537, 538, 541, 542, 543, 544, 547, 552, 553, 555, 564, 565, 567, 574, 577, 585, 605, 607, 613, 622, 623, 624, 625, 628, 636, 638, 639, 655, 658, 659, 672, 695, 697, 703, 705, 735, 1678, 1679, 1684, 1685, 2295, 2298, 2324, 2334, 2341, 2354, 2360, 2361, 2368, 2382, 2497, 2500, 2526, 2536, 2562, 2563, 2570, 2584, 2699, 2702, 2728, 2738, 2764, 2765, 2772, 2786, 2897, 2900, 2926, 2936, 2962, 2963, 2970, 3095, 3098, 3124, 3134, 3160, 3161, 3168, 3182, 3236, 3293, 3296, 3322, 3332, 3358, 3359, 3366, 3434, 3491, 3494, 3520, 3530, 3556, 3557, 3560, 3564, 3689, 3692, 3718, 3728, 3754, 3755, 3762, 4318, 4366, 4367, 4376, 4394, 4395, 4398, 4399, 4405, 4503, 4561, 4562, 4587, 4601, 4604, 4617, 4643, 4644, 4649, 4650, 4689, 4691, 4692, 4695, 4696, 4699, 4700, 4704, 4714, 4720, 4784, 4826, 4870, 4903, 4924, 4925, 4926, 4927, 4957, 4958, 5024, 5025, 5026, 5078, 5079, 5088, 5095, 5319, 5323, 5325, 5327, 5423, 5436, 5437, 5504, 5543, 5544, 5583, 5634, 5635, 5636, 6032, 6034, 6792, 6992, 6993, 6994, 6995, 7352

===== HORARIOS =====
LINEAS: 331, 332, 336, 374, 376, 377, 378, 379, 380, 391, 406, 407, 442, 443, 450, 451, 452, 453, 454, 470, 476, 477, 550, 553, 596, 697, 702, 703, 705, 706, 707, 708, 709, 715, 721, 722, 735, 742, 749, 750, 1624, 1804, 1894, 2259, 2262, 2277, 2278, 2295, 2299, 2334, 2335, 2341, 2342, 2354, 2362, 2363, 2364, 2372, 2376, 2394, 2461, 2464, 2480, 2497, 2501, 2537, 2544, 2564, 2565, 2566, 2574, 2578, 2589, 2596, 2663, 2666, 2682, 2699, 2703, 2739, 2746, 2766, 2767, 2768, 2776, 2780, 2791, 2798, 2865, 2868, 2897, 2901, 2937, 2944, 2964, 2965, 2966, 2974, 2996, 3063, 3066, 3095, 3099, 3135, 3142, 3162, 3163, 3164, 3172, 3194, 3261, 3264, 3278, 3293, 3297, 3332, 3333, 3339, 3340, 3360, 3361, 3362, 3370, 3392, 3459, 3462, 3476, 3491, 3495, 3530, 3531, 3538, 3558, 3559, 3560, 3568, 3590, 3657, 3660, 3689, 3693, 3729, 3736, 3756, 3757, 3758, 3766, 3788, 4266, 4318, 4321, 4366, 4368, 4369, 4398, 4400, 4405, 4504, 4515, 4561, 4564, 4590, 4601, 4618, 4649, 4651, 4706, 4707, 4710, 4711, 4712, 4713, 4716, 4718, 4719, 4720, 4722, 4726, 4784, 4826, 4849, 4905, 4930, 4931, 4932, 4933, 4936, 4937, 5024, 5025, 5424, 5442, 5443, 5444, 6980, 7416

===== RESERVA =====
LINEAS: 75, 120, 121, 122, 123, 125, 360, 374, 375, 383, 384, 389, 442, 446, 485, 486, 493, 697, 702, 2230, 2246, 2253, 2296, 2333, 2432, 2433, 2434, 2445, 2448, 2449, 2452, 2455, 2464, 2469, 2475, 2479, 2481, 2497, 2498, 2500, 2502, 2503, 2530, 2531, 2532, 2533, 2535, 2539, 2543, 2549, 2550, 2551, 2552, 2557, 2558, 2566, 2569, 2571, 2575, 2585, 2608, 2613, 2623, 2634, 2635, 2636, 2647, 2650, 2651, 2654, 2657, 2666, 2671, 2677, 2681, 2683, 2699, 2700, 2702, 2704, 2705, 2732, 2733, 2734, 2735, 2737, 2741, 2745, 2751, 2752, 2753, 2754, 2759, 2760, 2768, 2771, 2773, 2777, 2787, 2810, 2815, 2825, 2836, 2859, 3034, 3057, 3232, 3248, 3255, 3294, 3331, 3430, 3446, 3453, 3492, 3529, 3628, 3651, 3972, 4224, 4240, 4323, 4341, 4353, 4375, 4387, 4405, 4459, 4570, 4716, 4738, 4875, 6792, 7519, 7924
